test cases (v2):

init
00001111
00011110
00101010
00110111

inc
00001111
00011110
00101010
00110111
01010000
01010101
01011010
01011111

sw
00001111
00011110
00101010
00110111
01100011
01100110
01101001
01101100

sb
00001111
00011110
00101010
00110111
01110011
01110110
01111001
01111100

slt
00001111
00011100
00101010
00110111
10100001
10100001
10100100

halt
00000001
00011100
11111111
00101010

ga
00001111
00011110
00101010
00110111
10011111

fw
00001111
00011110
00100100
00110000
10000000
10000100
10001001
10001110

bo
00000001
00011110
00100100
00110000
00000001
00011110
00100100
00110000
01001110    # should infinite loop here

bo
00000000
00011110
00100100
00110000
00000000
00011110
00100100
00110000
01001110   # should not infinite loop

addi
10110000
10110101
10111010
10111111
10110000
10110101
10111010
10111111

-------------------------------------------

test cases (v1):

init
00001111
00011110
00101010
00110111

add
00001111
00011110
00101010
00110111
01000110
01001011

sub
00001111
00011110
00101010
00110111
01100110
01101011
01101011

xor
00001111
00011110
00101010
00110111
01110001
01110110

sw/lw
00001111
00011110
11100001
00101010
11010001

addi
00001111
00011100
00101010
00110111
01010000
01010101
01011010
01011111

slt
00001111
00011100
00101010
00110111
10100001
10100001

sll
00001111
00011100
00101010
00110111
10000000
10000000
10000000
10000000
10000000

srl
00001111
00011100
00101010
00110111
10010000
10010000
10010000
10010000

bz
00001111
00011100
00101010
00110111
00000000
10010000
11001110    # should infinite loop here
01010101
00101010
00000001
11000001
01110001

j
00001111
00011100
00101010
00110111
00000000
10110011
10010000
11001110    # should not infinite loop here
01010101
00101010
00000001
11000001
01110001

halt
00001111
00011110
11111111
00101010
00110111